89362 9739.87
39689 1867.04
33450 1306.17
48516 2862.37
60029 4343.68
73438 6612.34
70086 5982.09
58133 3977.53
84407 8381.31
59018 4203.12
55098 3596.34
47230 2641.64
87738 9120.67
9365 7479.23
22751 675.452
70557 5918.25
12558 201.072
70016 5986.11
63749 4842.57
10799 142.897
91896 9963.12
78939 7702.74
83122 8425.71
35023 1486.76
27253 901.11
77414 7353.11
30889 1111.24
19710 456.688
73081 6351.18
94143 10521.8
52108 3230.75
36375 1538.58
27588 891.028
80495 7700.96
32788 1248.76
88622 9350.8
97903 11368.3
81818 7883.03
42553 2164.3
39489 1816.68
21770 546.126
16321 307.956
52560 3240.88
99247 11627.6
10240 116.901
238 0.0723
1556 2.8674
89322 9544.96
32318 1253.47
67634 5377.93
19126 437.686
10266 123.166
59568 4204.15
66374 5224.53
28297 936.854
45875 2471.86
54677 3537.38
60865 4395.19
22701 603.387
59995 4261.31
35797 1505
33137 1278.17
41235 2029.4
54711 3494.18
30908 1114.9
55623 3673.1
98039 11397.4
27842 917.349
62901 4654.02
44179 2338.13
36956 1647.57
1940 4.2903
56291 3717.06
12993 199.297
17856 382.898
5287 31.7345
65349 5090.48
13413 213.852
48797 2850.31
45564 2434.34
2869 9.3761
46371 2589.53
53519 3371.32
97656 11285
79628 7518.02
13964 227.932
72471 6280.46
85899 8914.56
5122 30.2192
44160 2408.82
64175 5135
12961 212.988
13563 229.541
98225 11609.6
9519 113.702
55744 3705.04
4303 21.1678
69433 5743.61
87573 9160.01
61554 4458.7
