96572 11030.1
59447 4249.19
98668 11426.3
80848 7601.7
32136 1221.18
82572 7934.95
32457 1222.58
53015 3443.07
73467 6329.76
77294 7024.92
21968 565.964
20647 489.121
22956 603.755
36246 1540.59
59376 4143.47
10036 117.126
30368 1076.03
16681 348.539
24006 687.769
37149 1587.58
5436 33.3113
76792 6978.15
6500 49.4813
64921 4961.66
88008 9268.14
28655 994.493
26577 838.204
74622 6653.07
88320 9242.76
66054 5123.57
96327 10805.7
27736 894.238
48814 2833.05
61197 4369.79
95100 10694.7
2150 5.2006
47886 2728.2
41791 2093.69
2030 4.7585
22366 582.266
41973 2112.91
66227 5231.87
10483 137.118
13837 227.997
85229 8525.75
11831 168.708
88452 9263.07
6124 42.89
57977 3965.65
90029 9459.97
37070 1628.54
8329 80.7125
67677 5444.88
90762 9711.16
75827 6772.9
74232 6482.82
49265 2863.96
73087 6260.65
64206 4830.57
54804 3493.74
5779 38.4973
30973 1114.86
18343 390.893
93634 10244.5
68034 5356.54
8656 86.0658
99976 11661.1
18576 452.308
19385 457.699
98302 11381.9
67310 5248.46
33480 1296.49
69122 5561.29
14954 256.99
48566 2750.51
86524 8734.35
20757 503.466
55291 3561.23
72588 6146.57
33011 1272.5
6419 47.5353
70984 5842.04
79806 7367.98
96114 10700.7
85493 8482.42
43499 2204.01
67045 5352.75
72983 6272.91
87084 8926.76
5358 33.6678
24353 767.678
8819 92.8239
32219 1290.87
28339 961.816
40587 1916.68
25054 724.114
84846 8651.51
34272 1448.26
78981 7466.74
68207 5575.14
