6506 47.977
78150 7202.09
29873 1048.73
13088 202.79
38302 1736.12
45538 2395.05
97088 10990.6
98578 11306.9
44857 2381.4
34335 1352.79
67948 5404.09
55989 3712.12
54035 3421.43
95241 10551.5
17716 365.645
66097 5107.04
42727 2108.26
39105 1829.16
92360 10003.5
61327 4388.49
3863 17.0816
98066 11256.1
27393 878.284
41796 2050.1
11232 147.183
52024 3148.12
16066 294.498
40006 1867.15
10999 151.892
25431 771.835
85604 8604.4
89304 9281.27
25589 762.808
97105 10927.3
27016 840.356
74680 6522.34
45976 2511.33
69780 5682.8
35155 1438.77
29414 995.996
88247 9054.7
82515 7919.6
50344 2975.7
61860 4526.26
36679 1571.77
40067 1857.03
68841 5524.21
69118 5563.5
40571 1906.13
10444 125.273
80550 7567.94
74148 6463.67
51701 3093.63
71341 5933.03
70002 5737.08
87699 8992.71
27625 875.876
88478 9197.97
1008 1.1768
83384 8057.64
68336 5411.28
97158 11011.6
20960 522.096
9463 106.745
91569 9816.13
35434 1462.11
53448 3317.5
72293 6127.88
14446 247.31
26459 816.758
1886 4.0535
13992 222.996
52253 3214.28
57465 3830.98
49675 2922.36
10854 146.429
29391 987.852
15559 278.087
38302 1743.53
56449 3740.99
55363 3572.09
96962 10928.9
89286 9248.36
32986 1279.24
3073 10.6279
8881 90.6398
7552 68.2464
13164 203.453
89816 9506.71
50745 3029.15
30250 1058.98
48841 2746.44
88362 9065.06
79355 7350.2
82867 8076.31
49258 2824.68
58526 3982.4
16365 318.616
8304 79.936
34278 1366.86
