86574 9167.12
97434 11534.1
23726 674.427
21908 578.188
14172 230.912
96917 11411.4
26229 806.111
45100 2378.59
20370 482.9
87014 8984.63
59776 4240.23
76436 6878.14
58020 3970.04
3941 17.6347
38062 1702.07
47015 2632.96
97036 11133.8
84181 8294.36
24324 700.689
63293 4729.22
17093 336.338
6974 55.0082
31402 1152.47
76883 6980.2
88772 9307.77
17408 358.485
21530 539.728
50312 3088.9
65256 5068.87
92300 10133.3
66924 5311.17
95195 10836.7
2534 7.5847
91622 9931.03
28995 982.43
28224 944.5
59445 4206.78
79331 7415.15
86867 8894.64
78285 7254.24
40579 2000.65
24085 680.311
4570 24.4089
41702 2050.98
15849 288.57
89270 9527.21
56320 3703.21
14861 264.909
43220 2243.96
9850 111.784
59523 4204.58
2401 6.5704
76101 6838.28
79613 7505.23
93945 10514.5
89837 9904.17
49745 3120.17
16694 353.021
8289 79.531
59346 4313.09
12919 197.509
77903 7245.29
73801 6523.24
90569 9754.78
73955 6444.23
76600 6845.42
23851 681.923
63778 4853.73
41191 1998.29
57154 3808.83
58907 4052.45
60769 4311.72
15973 292.145
1090 1.3598
98844 11354.7
38046 1693.53
9082 105.475
92473 10019.2
61850 4511.64
6342 46.9499
21650 539.265
23346 630.882
63420 4680.15
32272 1205.63
96241 10815.4
6187 43.8802
68674 5564.99
32772 1251.68
72351 6071.59
68251 5456.38
95916 10728.8
69078 5648.76
56367 3722.01
10260 120.382
39007 1758.99
55285 3598.27
55735 3618.59
86658 8786.24
12920 193.46
14217 232.808
