96572 48.4483
59447 29.3223
98668 48.9123
80848 39.7043
32136 15.1005
82572 40.6103
32457 15.1443
53015 25.7366
73467 35.8161
77294 37.713
21968 10.1649
20647 9.4823
22956 10.6499
36246 17.0665
59376 28.7391
10036 4.4921
30368 14.3004
16681 7.6009
24006 11.2318
37149 17.5657
5436 2.4021
76792 37.4941
6500 2.8247
64921 31.2461
88008 43.4252
28655 13.4637
26577 12.4672
74622 36.5713
88320 43.4728
66054 31.7847
96327 47.5143
27736 12.997
48814 23.3802
61197 30.1053
95100 46.9491
2150 0.874
47886 23.3733
41791 20.2606
2030 0.8184
22366 10.9161
41973 21.7877
66227 32.1988
10483 4.6811
13837 6.3119
85229 42.1099
11831 5.3431
88452 43.9198
6124 4.1265
57977 35.3775
90029 50.6571
37070 17.7923
8329 3.6348
67677 34.3864
90762 48.7159
75827 37.1336
74232 36.1945
49265 27.402
73087 40.2944
64206 38.2031
54804 28.843
5779 3.3221
30973 17.1445
18343 8.6295
93634 49.6904
68034 33.6279
8656 3.9288
99976 49.7478
18576 10.4833
19385 11.3274
98302 51.0338
67310 33.1907
33480 17.2806
69122 38.3845
14954 8.0035
48566 25.8882
86524 49.7956
20757 9.6218
55291 27.0429
72588 38.8561
33011 16.9025
6419 2.8051
70984 36.7603
79806 41.6289
96114 53.0572
85493 42.8179
43499 21.6934
67045 32.9604
72983 35.5075
87084 43.7957
5358 2.294
24353 11.2996
8819 3.872
32219 15.0966
28339 13.2572
40587 19.3091
25054 11.6708
84846 41.7758
34272 16.1287
78981 38.9819
68207 33.0228
