89362 44.5707
39689 18.9586
33450 16.0855
48516 23.3015
60029 28.9813
73438 35.7994
70086 34.8543
58133 28.4309
84407 46.8874
59018 28.3398
55098 26.4354
47230 22.5686
87738 43.6321
79365 40.5909
22751 10.5635
70557 34.2832
12558 5.6249
70016 34.0157
63749 30.8923
10799 4.9364
91896 47.5246
78939 43.1937
83122 43.9313
35023 18.171
27253 17.1612
77414 42.7429
30889 15.0646
19710 9.9147
73081 35.9443
94143 46.8423
52108 25.8824
36375 17.7845
27588 13.2728
80495 39.7554
32788 19.563
88622 44.3159
97903 51.2695
81818 48.6709
42553 23.3424
39489 18.9284
21770 10.0754
16321 7.4218
52560 25.3468
99247 49.6388
10240 4.561
238 0.0852
1556 0.6206
89322 49.0829
32318 15.2349
67634 36.0347
19126 8.7985
10266 4.5648
59568 28.7503
66374 32.0751
28297 13.215
45875 22.4706
54677 26.5054
60865 30.85
22701 10.5148
59995 32.5286
35797 21.1286
33137 15.6835
41235 22.2686
54711 29.7545
30908 14.5618
55623 26.7511
98039 48.9919
27842 13.1914
62901 30.714
44179 22.3046
36956 21.4614
1940 0.7965
56291 33.3429
12993 5.9989
17856 8.2146
5287 2.2565
65349 31.3562
13413 6.0376
48797 23.3553
45564 21.7857
2869 1.3594
46371 22.1518
53519 25.7909
97656 50.1686
79628 40.8029
13964 7.2075
72471 36.6633
85899 42.791
5122 2.172
44160 21.5106
64175 33.8953
12961 6.5648
13563 6.8151
98225 49.3063
9519 4.2161
55744 27.2272
4303 1.809
69433 33.7318
87573 45.2131
61554 29.7055
