64 0.0069
64 0.0065
256 0.0402
65536 147.582
16 0.0022
4096 2.3004
1024 0.2962
4096 2.3054
4096 2.3232
4096 2.3097
64 0.0064
4096 2.3148
4 0.0015
16384 18.4479
1024 0.2966
16384 18.4719
65536 147.532
4096 2.3073
4096 2.308
4 0.0014
16 0.0023
16384 18.4788
4 0.0014
16384 18.5542
256 0.0427
16384 18.5061
16 0.0025
16 0.002
1024 0.306
256 0.0407
4 0.0011
1024 0.2959
4 0.001
4096 2.3054
65536 154.16
64 0.007
4096 2.3513
16384 18.5715
64 0.0067
4096 2.3131
4 0.0016
64 0.0067
65536 159.502
64 0.0067
64 0.006
64 0.006
256 0.04
4 0.001
4096 2.3295
16 0.0022
1024 0.2954
65536 148.259
4096 2.3238
64 0.0065
64 0.0061
4096 2.3118
16384 18.4979
1024 0.2981
4096 2.3203
4 0.0011
256 0.04
1024 0.295
1024 0.2953
16384 18.5081
4 0.0014
256 0.0403
256 0.0423
64 0.0062
4096 2.3183
64 0.0066
16384 18.7318
64 0.007
256 0.0401
16 0.0018
64 0.009
4 0.0011
256 0.0398
4096 2.4251
256 0.0422
4 0.001
4096 2.3155
4096 2.3272
256 0.0403
4 0.001
1024 0.2984
256 0.04
4 0.001
4096 2.3404
16384 19.1288
4 0.0017
4 0.0009
16384 20.6685
256 0.067
16384 21.8544
4096 2.5572
16 0.0058
4 0.0013
16 0.0026
16 0.0017
65536 148.749
