676 0.1753
1225 0.4159
7396 6.1576
63504 141.708
21025 27.1052
42436 77.4835
1369 0.4552
1024 0.3012
729 0.1872
4 0.0012
50625 101.815
16641 19.3707
1764 0.6629
56169 120.466
144 0.0232
32400 54.2933
36 0.0042
15876 17.689
39601 69.8541
2704 1.2506
121 0.0172
34225 59.8934
25 0.0034
16 0.0019
51529 112.076
14641 15.9519
16900 19.437
46225 90.5569
14161 20.8399
57121 138.771
22201 34.151
60516 136.323
9025 11.8207
2116 1.5798
100 0.0131
40401 76.1242
51529 120.562
60025 160.74
16900 20.7111
1764 0.6658
5776 4.0504
225 0.0336
47524 107.583
51076 111.835
6400 4.8641
27225 55.6701
64516 170.988
41209 76.9427
1296 0.4227
25 0.0029
29929 58.1974
58081 124.715
3136 1.5594
21904 28.8512
100 0.0121
7225 5.4256
19321 23.9853
27889 52.7649
484 0.1487
256 0.0589
17689 23.5425
4225 3.5709
196 0.0415
10201 10.2918
484 0.1567
21025 35.6623
49284 107.319
33489 56.4958
3481 1.8512
34225 57.9424
26569 42.0536
26244 38.0691
23104 31.2142
33124 53.7137
2916 1.4088
43681 81.0904
28900 43.7575
2304 0.9802
30276 46.8418
11236 10.5801
2116 0.8708
784 0.2003
1849 0.7154
4225 2.4595
6084 4.2379
21904 28.9181
5476 3.7211
31684 63.1868
31684 50.8935
38025 74.1647
1600 0.5765
44100 87.0575
7396 5.659
484 0.1005
529 0.1146
9801 8.71
13924 14.6572
61009 136.238
18769 23.972
63001 144.114
