381480 5.74606
67932 2.5171
31500 0.62094
483964 7.28871
9936864 95.1698
1386450 13.4528
7645568 78.4257
310184 2.7552
2063048 23.9499
5408128 64.6068
920304 8.18559
870408 7.98066
1360800 13.8915
46208 0.444482
929232 8.66087
432432 4.96855
762600 6.76638
1477956 14.3991
236466 2.0883
2373876 22.6465
9131850 101.404
1421784 14.0698
2075769 18.1004
10449037 109.02
227997 2.08766
8187410 86.3332
1644750 15.8493
1023606 9.82618
485316 4.38148
4561584 61.7062
370440 8.14613
746790 13.6727
686280 9.12588
1637100 23.7736
393624 6.09788
1053864 14.9876
6351813 76.7094
233640 2.40128
4922944 47.0674
850 0.008868
13888 0.120955
360094 5.64098
1494547 16.9199
932008 8.94899
3202290 33.3438
50721 0.882887
292576 5.19276
2332800 31.9508
704004 8.44598
5626830 69.5216
209300 2.07328
25800 0.286532
1730520 17.518
820820 8.05066
1829000 21.439
3574395 46.2362
3210570 33.7228
4432320 56.2611
1788894 24.2189
323232 3.07637
1803496 20.2341
20482 0.39958
940296 10.6373
958464 14.931
4762560 52.0436
624064 5.571
258720 2.65493
7869914 82.2704
1748968 15.5418
241995 2.10999
74784 0.694408
731619 6.43764
1025233 9.60018
8908935 91.4734
6336960 63.7091
778674 7.02993
471724 5.21164
5251872 52.2904
594150 6.26157
5427675 55.9402
7599900 82.4239
3050336 32.5208
8448 0.073833
603136 5.52674
967697 16.1092
43680 1.61066
1060290 13.4581
11208872 135.493
54405 0.911528
5694948 54.6697
3832500 39.3159
10347194 99.8067
468480 4.11361
251719 2.81325
1104584 9.68995
202400 2.04754
4507074 43.3865
2184 0.030501
1533525 16.4079
7491 0.113678
