64 0.092
64 0.0794
256 0.5765
65536 1325.91
16 0.016
4096 26.5755
1024 3.7958
4096 26.4574
4096 26.9988
4096 25.8862
64 0.0773
4096 25.879
4 0.0047
16384 191.476
1024 3.7139
16384 202.389
65536 1322.1
4096 28.103
4096 26.081
4 0.005
16 0.0129
16384 213.529
4 0.0061
16384 187.62
256 0.5288
16384 192.775
16 0.0168
16 0.0135
1024 4.1691
256 0.5619
4 0.0036
1024 3.7078
4 0.003
4096 26.8517
65536 1282.27
64 0.0827
4096 25.9926
16384 183.3
64 0.0825
4096 26.0887
4 0.0132
64 0.0829
65536 1297.2
64 0.0843
64 0.075
64 0.0737
256 0.5234
4 0.0024
4096 26.0816
16 0.0152
1024 3.7287
65536 1282.75
4096 26.2445
64 0.0804
64 0.0771
4096 25.9168
16384 186.329
1024 4.0997
4096 25.9736
4 0.005
256 0.5284
1024 3.738
1024 3.6679
16384 186.616
4 0.005
256 0.5326
256 0.5231
64 0.0754
4096 25.9422
64 0.0743
16384 183.345
64 0.0824
256 0.5247
16 0.0108
64 0.073
4 0.0022
256 0.5218
4096 25.9077
256 0.5193
4 0.0023
4096 25.8402
4096 25.8119
256 0.5193
4 0.0023
1024 3.641
256 0.5187
4 0.0023
4096 27.1761
16384 190.083
4 0.0045
4 0.0024
16384 187.235
256 0.5286
16384 206.975
4096 25.9441
16 0.0148
4 0.0024
16 0.0131
16 0.0113
65536 1295.29
