676 5.4816
1225 25.7343
7396 186.409
63504 1397.44
21025 1298.84
42436 1465.58
1369 30.1952
1024 4.4361
729 4.1336
4 0.0033
50625 1455.24
16641 1412.49
1764 26.1448
56169 1527.88
144 0.603
32400 1399.14
36 0.1161
15876 209.246
39601 1440.34
2704 29.2212
121 0.5942
34225 1792.33
25 0.138
16 0.0121
51529 1683.22
14641 207.513
16900 1315.23
46225 1482.88
14161 223.3
57121 1529.2
22201 1356.03
60516 1512.38
9025 195.978
2116 26.7902
100 0.5482
40401 1677.15
51529 1577.71
60025 1453
16900 1328.96
1764 30.0775
5776 217.746
225 0.9605
47524 1462.5
51076 1454.23
6400 187.574
27225 1346.64
64516 1389.3
41209 1519.34
1296 26.2991
25 0.0954
29929 1339.82
58081 1463.6
3136 28.4192
21904 1374.35
100 0.5702
7225 198.541
19321 1337.21
27889 1333.03
484 3.7345
256 0.552
17689 1354.15
4225 189.05
196 0.5489
10201 220.479
484 3.8877
21025 1489.13
49284 1393.37
33489 1326.99
3481 27.0206
34225 1381.27
26569 1366.05
26244 1370.15
23104 1357.63
33124 1348.31
2916 26.5887
43681 1451.34
28900 1333.59
2304 26.5011
30276 1360.72
11236 206.295
2116 26.0393
784 3.8393
1849 25.7296
4225 193.647
6084 189.779
21904 1344.3
5476 187.517
31684 1418.6
31684 1350.26
38025 1403.07
1600 25.9595
44100 1419.93
7396 183.758
484 3.9301
529 4.1554
9801 212.864
13924 204.914
61009 1436.74
18769 1329.63
63001 1362.36
