11220 64.6669
22644 0.8402
2100 2.2766
11804 36.01
53424 1369.21
7110 28.96
41552 1389.97
44312 3.9795
24856 231.015
32384 1381.71
11952 43.7326
5544 23.5832
37800 68.1864
2432 8.5051
3888 26.43
9009 38.579
50840 9.5962
7946 53.9176
1566 5.4029
11468 242.493
46830 1365.35
7254 29.5692
12139 80.8934
43357 1372
6909 31.88
33418 1366.57
38250 62.6065
53874 25.4681
7956 54.7964
40368 287.352
17640 11.8366
12045 61.1482
15960 42.4478
16050 258.019
2772 51.6288
12852 194.42
27261 331.218
3960 14.0421
25376 309.205
34 0.0751
992 0.8195
4046 36.1843
8639 67.4142
21182 52.6297
13455 301.822
957 2.3827
18286 3.7129
21600 216.086
4046 26.9127
30090 1306.55
9100 7.6462
120 0.8838
7590 238.718
5330 15.9903
14750 206.983
14355 321.524
27918 301.415
38880 313.471
25926 288.966
1456 6.0328
26522 277.763
1078 0.4674
5597 25.3148
19968 52.1756
39688 295.079
2786 11.2489
1540 7.5606
44213 1344.13
6968 235.551
3315 9.956
37392 0.6087
11613 36.454
8473 49.2607
41055 1347.18
30912 1357.07
9983 202.127
3124 54.6079
54707 300.462
2550 17.0469
32895 1486.18
40425 1689.07
20068 353.607
64 0.1765
9424 60.8448
10873 215.883
7280 0.9668
58905 29.3678
54412 1430.53
1755 3.6963
30132 1338.14
15330 278.584
40898 1403.33
4880 37.7554
1139 15.7177
12844 71.7554
2024 33.0248
43758 309.725
312 0.1083
14605 200.019
7491 0.076
