89362 22.3207
39689 9.2304
33450 7.9226
48516 13.5464
60029 17.8204
73438 19.1768
70086 17.2612
58133 13.7837
84407 21.0304
59018 13.9883
55098 12.9245
47230 15.0259
87738 21.7301
79365 19.4655
22751 4.9215
70557 17.421
12558 2.5504
70016 17.2368
63749 15.1403
10799 2.1502
91896 22.6307
78939 19.4707
83122 20.4757
35023 8.136
27253 5.9729
77414 18.942
30889 6.8519
19710 4.2479
73081 17.9355
94143 23.2388
52108 12.2501
36375 8.3523
27588 6.0382
80495 19.6846
32788 7.6992
88622 22.5029
97903 24.2498
81818 20.9306
42553 10.3861
39489 9.2078
21770 4.73
16321 3.4231
52560 12.4059
99247 25.0232
10240 2.0328
238 0.0274
1556 0.2438
89322 24.5724
32318 7.2871
67634 16.855
19126 4.145
10266 2.0527
59568 14.0995
66374 16.465
28297 6.2404
45875 10.6399
54677 12.8294
60865 14.3677
22701 4.8966
59995 14.151
35797 8.2602
33137 7.7404
41235 9.5716
54711 12.8859
30908 6.9021
55623 13.3722
98039 24.6395
27842 6.1014
62901 14.9263
44179 10.2402
36956 8.5248
1940 0.3043
56291 13.419
12993 3.2061
17856 4.5669
5287 1.1402
65349 16.9014
13413 2.7277
48797 11.5681
45564 11.3005
2869 0.479
46371 10.8609
53519 12.5832
97656 24.0269
79628 20.3324
13964 3.3569
72471 19.5973
85899 21.1844
5122 0.9371
44160 10.2301
64175 15.2902
12961 2.7078
13563 2.7486
98225 24.4156
9519 1.882
55744 13.3336
4303 0.7912
69433 17.1992
87573 21.6749
61554 14.8306
