64 0.0099
64 0.0066
256 0.0482
65536 152.452
16 0.0027
4096 2.3017
1024 0.2982
4096 2.2819
4096 2.302
4096 2.2912
64 0.0064
4096 2.2853
4 0.0014
16384 18.2741
1024 0.2962
16384 18.3191
65536 150.961
4096 2.2976
4096 2.2862
4 0.0012
16 0.0023
16384 18.4248
4 0.002
16384 18.9468
256 0.0642
16384 18.3185
16 0.0032
16 0.0022
1024 0.2964
256 0.0398
4 0.001
1024 0.2957
4 0.001
4096 2.2915
65536 161.858
64 0.0103
4096 2.3182
16384 18.4838
64 0.0082
4096 2.3084
4 0.0016
64 0.0065
65536 161.43
64 0.0071
64 0.0062
64 0.006
256 0.0415
4 0.0011
4096 2.3253
16 0.0026
1024 0.2952
65536 150.952
4096 2.307
64 0.0064
64 0.006
4096 2.3646
16384 18.5794
1024 0.299
4096 2.3083
4 0.0015
256 0.0415
1024 0.2955
1024 0.2964
16384 19.6011
4 0.0018
256 0.0551
256 0.06
64 0.0087
4096 2.3619
64 0.0066
16384 22.2206
64 0.0094
256 0.0571
16 0.0022
64 0.0082
4 0.0012
256 0.0631
4096 2.4467
256 0.0513
4 0.0012
4096 2.6351
4096 2.4271
256 0.0402
4 0.001
1024 0.2972
256 0.0401
4 0.001
4096 2.6889
16384 21.1097
4 0.0015
4 0.0009
16384 19.3639
256 0.0402
16384 19.4444
4096 2.3502
16 0.0036
4 0.001
16 0.0019
16 0.0016
65536 198.796
