676 0.1621
1225 0.3952
7396 5.7534
63504 149.826
21025 27.0159
42436 78.3822
1369 0.4523
1024 0.2934
729 0.1787
4 0.0012
50625 103.091
16641 19.0599
1764 0.6592
56169 119.051
144 0.0186
32400 51.1058
36 0.0053
15876 17.8551
39601 73.8816
2704 1.2547
121 0.0144
34225 57.2152
25 0.003
16 0.002
51529 108.927
14641 16.0552
16900 19.7716
46225 89.7018
14161 15.0524
57121 127.121
22201 29.3808
60516 155.916
9025 7.615
2116 0.8715
100 0.0117
40401 79.1438
51529 107.16
60025 138.445
16900 21.7744
1764 0.6596
5776 3.869
225 0.0339
47524 94.8193
51076 103.108
6400 4.5411
27225 40.1619
64516 153.401
41209 73.6236
1296 0.4141
25 0.0032
29929 45.6363
58081 126.268
3136 1.5353
21904 28.6707
100 0.0124
7225 5.4818
19321 23.4522
27889 40.9513
484 0.0984
256 0.0399
17689 20.7348
4225 2.4683
196 0.028
10201 8.9804
484 0.1099
21025 26.7636
49284 97.2895
33489 54.8449
3481 1.8012
34225 55.819
26569 38.0726
26244 38.1013
23104 32.6613
33124 53.828
2916 1.3904
43681 82.5548
28900 43.8368
2304 1.018
30276 46.8479
11236 10.4135
2116 0.9428
784 0.3219
1849 1.1518
4225 3.9737
6084 6.7929
21904 28.4766
5476 3.5814
31684 50.9539
31684 53.4321
38025 65.7166
1600 0.5694
44100 87.6018
7396 5.5695
484 0.098
529 0.1114
9801 8.5121
13924 14.4575
61009 137.111
18769 22.5562
63001 153.67
