381480 2.95609
67932 0.554515
31500 0.248306
483964 4.53992
9936864 70.5311
1386450 9.28018
7645568 52.6141
310184 2.15128
2063048 14.34
5408128 37.2057
920304 6.50063
870408 6.1916
1360800 10.3955
46208 0.349215
929232 6.70518
432432 2.85618
762600 5.00725
1477956 9.82687
236466 1.49694
2373876 16.6969
9131850 62.3862
1421784 9.79819
2075769 17.1295
10449037 71.4871
227997 1.61942
8187410 55.6028
1644750 12.2382
1023606 7.31049
485316 3.38325
4561584 31.5123
370440 2.6085
746790 4.9101
686280 4.73628
1637100 11.4308
393624 2.76812
1053864 7.32133
6351813 43.9385
233640 1.6139
4922944 34.2598
850 0.006955
13888 0.096582
360094 2.47841
1494547 10.7157
932008 6.67535
3202290 22.4069
50721 0.357461
292576 2.17412
2332800 16.4101
704004 7.94117
5626830 37.6499
209300 1.52538
25800 0.174863
1730520 11.3152
820820 6.62847
1829000 11.936
3574395 24.2729
3210570 22.0883
4432320 32.132
1788894 12.2397
323232 2.21498
1803496 12.5518
20482 0.143702
940296 6.52808
958464 6.76347
4762560 33.1537
624064 4.28562
258720 1.87193
7869914 61.5397
1748968 12.2765
241995 1.83495
74784 0.655534
731619 4.96655
1025233 7.10808
8908935 63.5536
6336960 44.99
778674 5.50424
471724 3.34646
5251872 38.2237
594150 4.11058
5427675 37.308
7599900 52.347
3050336 21.7859
8448 0.078928
603136 4.4922
967697 6.76548
43680 0.324658
1060290 8.01778
11208872 78.6438
54405 0.368778
5694948 38.8155
3832500 26.31
10347194 77.3709
468480 3.56657
251719 1.87696
1104584 8.41267
202400 1.46489
4507074 34.1457
2184 0.030051
1533525 11.4916
7491 0.078449
