86574 42.9985
97434 47.9286
23726 11.0885
21908 11.9583
14172 7.6046
96917 51.031
26229 13.1051
45100 21.7276
20370 9.3937
87014 46.4413
59776 29.1908
76436 38.898
58020 27.9635
3941 1.6547
38062 18.0056
47015 28.115
97036 48.2115
84181 42.2232
24324 11.3997
63293 33.9035
17093 8.5499
6974 3.061
31402 14.681
76883 38.3295
88772 43.7715
17408 7.9327
21530 9.9592
50312 24.3957
65256 31.83
92300 45.6493
66924 32.3749
95195 46.8963
2534 1.045
91622 45.2216
28995 13.9073
28224 13.9826
59445 32.6074
79331 39.1115
86867 42.8523
78285 38.2564
40579 21.0435
24085 11.8872
4570 1.9747
41702 20.0215
15849 7.2408
89270 46.3792
56320 31.5308
14861 7.4907
43220 20.5714
9850 4.3657
59523 28.8973
2401 1.0252
76101 37.1694
79613 38.8096
93945 46.1714
89837 44.3217
49745 30.5085
16694 9.2403
8289 3.6172
59346 28.5587
12919 5.8216
77903 37.9059
73801 36.0338
90569 44.4206
73955 36.3531
76600 37.2976
23851 11.0844
63778 30.6304
41191 19.5162
57154 27.4305
58907 28.3472
60769 29.2059
15973 7.3194
1090 0.4442
98844 48.7267
38046 18.204
9082 4.0218
92473 45.965
61850 31.3419
6342 2.8002
21650 10.3017
23346 11.1913
63420 38.3646
32272 16.937
96241 50.088
6187 2.8305
68674 36.7693
32772 18.011
72351 35.5331
68251 33.3779
95916 50.1476
69078 33.7114
56367 27.1804
10260 4.7516
39007 20.1024
55285 27.5879
55735 27.0143
86658 42.8443
12920 5.8192
14217 6.4175
