6506 2.8915
78150 41.5208
29873 15.4356
13088 5.9141
38302 19.575
45538 21.9908
97088 49.7029
98578 53.2901
44857 21.7655
34335 16.1819
67948 33.3395
55989 29.1668
54035 27.504
95241 47.4103
17716 8.053
66097 32.072
42727 20.3477
39105 18.5521
92360 45.8481
61327 29.8245
3863 1.6264
98066 49.1748
27393 12.9204
41796 19.988
11232 5.0252
52024 25.1773
16066 7.309
40006 19.2017
10999 5.2661
25431 14.3928
85604 42.2116
89304 44.694
25589 11.9404
97105 48.746
27016 12.7872
74680 36.7243
45976 22.7032
69780 34.5767
35155 16.5738
29414 13.8021
88247 43.692
82515 40.8478
50344 24.2457
61860 29.9128
36679 17.3211
40067 19.0777
68841 33.6463
69118 33.6338
40571 19.2469
10444 4.6414
80550 39.5532
74148 36.4509
51701 24.9802
71341 34.9515
70002 34.1146
87699 43.596
27625 13.1517
88478 43.8352
1008 0.3964
83384 41.1028
68336 33.477
97158 48.4817
20960 9.628
9463 4.2287
91569 45.4933
35434 16.7149
53448 25.8771
72293 35.6192
14446 6.5512
26459 12.5935
1886 0.7645
13992 6.3416
52253 25.5914
57465 28.255
49675 24.1596
10854 4.8307
29391 13.85
15559 7.1007
38302 18.2183
56449 27.4543
55363 26.9213
96962 55.962
89286 49.6634
32986 15.7507
3073 1.2807
8881 3.93
7552 3.4175
13164 6.1468
89816 44.5637
50745 24.5466
30250 14.2403
48841 23.4505
88362 47.9306
79355 39.3765
82867 41.0074
49258 23.7227
58526 28.9008
16365 7.4084
8304 3.634
34278 16.1274
