96572 22.0239
59447 12.376
98668 22.6703
80848 18.4955
32136 5.9322
82572 23.4704
32457 6.2606
53015 11.4121
73467 15.7178
77294 16.6563
21968 3.8252
20647 3.7327
22956 4.2831
36246 6.9207
59376 12.623
10036 1.6671
30368 6.0169
16681 2.8217
24006 4.261
37149 8.269
5436 0.8087
76792 18.3453
6500 0.9709
64921 13.1729
88008 19.6247
28655 5.4888
26577 4.9882
74622 16.4463
88320 20.4318
66054 14.7868
96327 22.4532
27736 5.1335
48814 9.6432
61197 12.9075
95100 21.5338
2150 0.2724
47886 9.5646
41791 8.1935
2030 0.2571
22366 4.0862
41973 8.3161
66227 15.5608
10483 1.6812
13837 2.42
85229 19.2015
11831 1.9281
88452 20.2921
6124 0.9523
57977 11.7347
90029 20.5269
37070 7.2409
8329 1.4461
67677 15.0552
90762 22.7385
75827 16.8829
74232 16.3397
49265 11.9964
73087 15.6673
64206 15.1997
54804 11.2407
5779 0.89
30973 6.2445
18343 3.2544
93634 22.3805
68034 15.2578
8656 1.3963
99976 23.6731
18576 3.1666
19385 3.4224
98302 22.4876
67310 14.8251
33480 6.4116
69122 14.3805
14954 2.4964
48566 9.7348
86524 20.049
20757 3.6232
55291 11.3777
72588 16.2453
33011 6.2056
6419 1.0677
70984 16.2432
79806 18.0752
96114 21.3779
85493 19.4964
43499 8.8423
67045 14.0656
72983 16.6643
87084 22.2538
5358 0.8521
24353 4.443
8819 1.4565
32219 6.1383
28339 5.5137
40587 10.514
25054 4.6059
84846 19.4092
34272 6.626
78981 17.6416
68207 14.5292
