96572 24.384
59447 16.7827
98668 24.9064
80848 20.0037
32136 7.2004
82572 20.4402
32457 7.2615
53015 12.4658
73467 18.0424
77294 18.9525
21968 4.7389
20647 4.459
22956 4.9466
36246 8.7472
59376 14.2031
10036 2.008
30368 6.7264
16681 3.6165
24006 5.362
37149 8.5773
5436 0.9856
76792 18.7945
6500 1.2095
64921 15.4213
88008 21.6444
28655 6.2956
26577 5.8553
74622 18.3607
88320 21.7039
66054 16.3861
96327 23.7886
27736 6.1849
48814 11.4267
61197 14.5222
95100 23.4694
2150 0.3601
47886 11.2086
41791 9.6612
2030 0.3226
22366 4.8094
41973 9.6767
66227 16.5564
10483 2.0855
13837 2.8147
85229 21.0391
11831 2.3663
88452 21.885
6124 1.1298
57977 13.7683
90029 24.8891
37070 8.7376
8329 1.6747
67677 16.7967
90762 24.3576
75827 21.664
74232 18.2871
49265 11.6776
73087 17.8807
64206 15.2556
54804 12.9246
5779 1.0662
30973 6.9117
18343 3.9384
93634 23.5091
68034 16.8322
8656 1.7197
99976 25.6822
18576 3.9902
19385 4.1597
98302 25.0626
67310 16.9826
33480 7.9112
69122 17.0023
14954 3.0739
48566 11.3041
86524 21.3009
20757 4.4768
55291 12.9875
72588 21.771
33011 7.6886
6419 1.197
70984 17.4448
79806 21.8375
96114 24.3467
85493 21.0573
43499 10.0678
67045 16.6357
72983 17.9154
87084 21.4654
5358 0.9743
24353 5.2771
8819 1.7468
32219 7.1795
28339 6.2309
40587 9.6841
25054 7.5096
84846 21.0469
34272 7.9549
78981 19.6911
68207 16.917
