86574 21.7272
97434 24.1983
23726 5.1541
21908 4.7123
14172 2.882
96917 24.4906
26229 5.7431
45100 10.4853
20370 4.3639
87014 21.328
59776 14.1669
76436 18.7791
58020 13.8435
3941 0.6839
38062 8.7454
47015 10.8821
97036 24.0908
84181 21.1059
24324 5.2802
63293 15.1367
17093 3.71
6974 1.3103
31402 7.0064
76883 18.8518
88772 21.8039
17408 3.7428
21530 4.6442
50312 11.8216
65256 15.5544
92300 22.8156
66924 16.6654
95195 24.7072
2534 0.4236
91622 22.6116
28995 6.4547
28224 6.2491
59445 14.1129
79331 19.6491
86867 21.5251
78285 22.7723
40579 12.2651
24085 7.4204
4570 1.0904
41702 9.6682
15849 3.2784
89270 21.9749
56320 13.5367
14861 3.2041
43220 11.4439
9850 2.1772
59523 15.3566
2401 0.3966
76101 18.8238
79613 21.4621
93945 23.9847
89837 22.5109
49745 11.8803
16694 3.672
8289 1.6678
59346 14.1729
12919 2.638
77903 19.1928
73801 18.6267
90569 22.5864
73955 18.3011
76600 19.5793
23851 5.1746
63778 15.4906
41191 9.7148
57154 13.4526
58907 13.9284
60769 14.3767
15973 3.3227
1090 0.1654
98844 24.7866
38046 9.1273
9082 1.7998
92473 23.4243
61850 14.8847
6342 1.2017
21650 4.6902
23346 5.5977
63420 17.3899
32272 8.6753
96241 24.0433
6187 1.3743
68674 18.042
32772 7.7554
72351 18.2655
68251 17.0878
95916 24.0328
69078 17.3631
56367 13.3855
10260 2.0699
39007 9.0738
55285 13.111
55735 13.1657
86658 21.6314
12920 2.7318
14217 2.9174
