6506 1.2588
78150 19.5978
29873 6.678
13088 2.6572
38302 11.3321
45538 12.847
97088 24.5554
98578 25.1861
44857 10.3965
34335 7.9544
67948 17.0301
55989 13.4181
54035 12.898
95241 24.1452
17716 3.8086
66097 16.6636
42727 9.9487
39105 9.0642
92360 23.0585
61327 14.6572
3863 0.6687
98066 24.5792
27393 6.0696
41796 9.7616
11232 2.2354
52024 12.3294
16066 3.3254
40006 9.2213
10999 2.1864
25431 5.6392
85604 21.5512
89304 22.4819
25589 5.6047
97105 24.321
27016 5.9983
74680 18.6113
45976 10.7328
69780 17.3984
35155 8.1505
29414 6.5677
88247 21.9976
82515 20.7675
50344 12.0311
61860 14.882
36679 8.5792
40067 9.2692
68841 17.1688
69118 17.2315
40571 9.3763
10444 2.0815
80550 19.8792
74148 18.4399
51701 12.2026
71341 17.706
70002 17.431
87699 21.8411
27625 6.0673
88478 22.0351
1008 0.1415
83384 20.7605
68336 17.0076
97158 24.2893
20960 4.5165
9463 2.0518
91569 24.0686
35434 8.6927
53448 12.7806
72293 17.9536
14446 2.9596
26459 5.8649
1886 0.2946
13992 2.8468
52253 12.3393
57465 13.719
49675 11.7547
10854 2.1583
29391 6.5771
15559 3.2108
38302 8.8368
56449 13.6472
55363 14.3964
96962 24.8156
89286 24.8255
32986 7.7222
3073 0.5244
8881 1.7686
7552 1.4185
13164 2.6769
89816 22.4665
50745 12.5221
30250 6.7244
48841 11.4388
88362 22.0104
79355 19.7808
82867 20.6782
49258 11.7643
58526 14.0841
16365 3.3922
8304 1.6725
34278 8.0925
