86574 18.9004
97434 21.9016
23726 4.3585
21908 3.852
14172 2.4254
96917 22.4025
26229 4.8428
45100 9.1039
20370 3.4564
87014 19.7813
59776 12.2329
76436 17.044
58020 11.9958
3941 0.5659
38062 7.5636
47015 9.6451
97036 25.8091
84181 19.2453
24324 5.4031
63293 13.245
17093 2.9399
6974 1.0955
31402 5.8191
76883 17.3536
88772 20.9888
17408 3.0032
21530 3.9087
50312 10.1598
65256 13.8277
92300 21.9597
66924 14.1542
95195 22.7707
2534 0.3704
91622 20.6636
28995 5.3128
28224 5.4671
59445 12.3994
79331 17.4429
86867 19.8356
78285 16.7775
40579 8.5142
24085 5.0511
4570 0.8363
41702 10.5781
15849 2.8648
89270 20.212
56320 12.2481
14861 2.7295
43220 8.4269
9850 1.599
59523 12.4854
2401 0.3247
76101 15.9887
79613 17.5509
93945 21.6081
89837 21.1082
49745 10.0529
16694 3.1544
8289 1.3639
59346 12.6874
12919 2.1422
77903 17.2051
73801 15.6621
90569 20.3231
73955 16.1776
76600 16.3392
23851 4.3155
63778 13.6323
41191 8.3214
57154 12.0331
58907 12.2887
60769 12.7032
15973 2.9184
1090 0.1662
98844 23.5961
38046 7.6269
9082 1.4442
92473 21.6193
61850 13.0436
6342 0.9863
21650 3.7409
23346 4.2356
63420 13.5428
32272 5.9599
96241 22.0164
6187 0.9629
68674 15.4823
32772 6.4118
72351 15.852
68251 16.8043
95916 25.7881
69078 19.2112
56367 15.2481
10260 2.191
39007 7.8994
55285 12.1696
55735 11.3412
86658 20.3145
12920 2.1812
14217 2.445
