89362 22.8597
39689 7.8323
33450 6.3864
48516 9.9081
60029 12.6076
73438 16.8173
70086 14.4239
58133 12.131
84407 20.5794
59018 14.0203
55098 11.0143
47230 9.5861
87738 19.257
79365 17.1153
22751 4.122
70557 15.2069
12558 2.0748
70016 15.992
63749 16.4214
10799 2.2443
91896 21.5864
78939 20.8189
83122 23.443
35023 6.5749
27253 5.1442
77414 17.2865
30889 5.7322
19710 3.6957
73081 16.9271
94143 23.4336
52108 10.608
36375 6.9019
27588 5.01
80495 18.1221
32788 6.0339
88622 21.7148
97903 29.006
81818 22.802
42553 8.2903
39489 7.6803
21770 4.1243
16321 2.7924
52560 11.1735
99247 24.009
10240 1.6857
238 0.0227
1556 0.2175
89322 20.2184
32318 6.2307
67634 14.6511
19126 3.3503
10266 1.6654
59568 12.1225
66374 13.9288
28297 5.1451
45875 9.0931
54677 11.6366
60865 12.3116
22701 4.1178
59995 12.7988
35797 8.4971
33137 8.485
41235 9.3853
54711 11.5207
30908 6.2354
55623 11.2018
98039 22.4804
27842 5.0652
62901 13.4241
44179 9.3269
36956 7.3322
1940 0.2527
56291 12.2711
12993 2.1637
17856 3.2727
5287 0.7799
65349 13.9538
13413 2.1915
48797 9.756
45564 8.9863
2869 0.3937
46371 9.1487
53519 11.0452
97656 22.7214
79628 17.3327
13964 2.3842
72471 16.3616
85899 18.8233
5122 0.7358
44160 8.8527
64175 13.3664
12961 2.1766
13563 2.1913
98225 24.8971
9519 1.8145
55744 12.5152
4303 0.6376
69433 15.1421
87573 19.138
61554 12.4611
