6506 1.047
78150 15.6093
29873 5.2895
13088 2.0917
38302 7.1046
45538 8.9403
97088 19.492
98578 19.4208
44857 8.6329
34335 6.1109
67948 13.3695
55989 10.6305
54035 10.568
95241 19.3516
17716 3.0405
66097 13.7749
42727 7.9925
39105 7.3164
92360 18.4368
61327 12.1375
3863 0.5529
98066 19.9782
27393 4.8438
41796 8.0606
11232 2.2441
52024 11.7957
16066 3.2156
40006 8.0432
10999 1.7512
25431 4.7503
85604 17.7823
89304 17.3525
25589 5.1001
97105 19.5705
27016 4.8667
74680 14.761
45976 8.7221
69780 13.7085
35155 6.4057
29414 5.3098
88247 17.4257
82515 17.0117
50344 10.1077
61860 12.0649
36679 7.1327
40067 8.1338
68841 13.3046
69118 14.0145
40571 7.5619
10444 1.748
80550 16.6778
74148 14.8481
51701 9.8414
71341 14.4722
70002 14.0484
87699 18.7835
27625 4.9374
88478 18.8663
1008 0.1181
83384 17.2596
68336 13.2144
97158 20.2224
20960 3.7999
9463 1.524
91569 21.6907
35434 7.0898
53448 10.1982
72293 14.7816
14446 2.4898
26459 5.5988
1886 0.2991
13992 3.0311
52253 10.1584
57465 11.2574
49675 10.3917
10854 1.8636
29391 5.2452
15559 3.3114
38302 8.6842
56449 12.642
55363 10.9771
96962 20.8275
89286 18.4468
32986 5.9412
3073 0.4288
8881 1.4095
7552 1.2372
13164 2.2808
89816 17.8044
50745 9.675
30250 5.4806
48841 8.9456
88362 18.031
79355 17.5056
82867 16.7594
49258 11.9956
58526 13.2378
16365 2.777
8304 1.3099
34278 6.2585
