41927 2054.19
50588 2986.25
92836 10046
95531 10701.9
91178 9685.02
31698 1162.65
34933 1448.8
44471 2288.45
36208 1525.41
14576 247.135
26532 829.043
63235 4655.6
75322 6656.38
54346 3476.12
5444 33.678
57367 3849.63
86667 8700.56
20619 489.07
31956 1170.66
83528 8102.58
8594 84.5489
52268 3184.75
42539 2162.66
6310 47.4919
55999 3741.91
63847 4731.88
58580 4018.79
9133 99.4448
37517 1684.68
56214 3625.81
32532 1228.11
48183 2675.32
83143 8040.57
28867 964.138
94014 10257.7
34079 1344.36
33477 1345.44
98762 11354.9
24927 713.835
47284 2635.97
47671 2618.95
62561 4604.72
29645 1012.27
78311 7152.02
63536 4742.21
96864 10945.6
19618 443.521
23622 642.99
10792 133.095
54833 3522.06
7596 65.8963
68358 5529.99
89722 9373.48
56119 3670.06
53911 3352.57
27657 933.235
51400 3056.64
72081 6028.99
82079 8017.93
69815 5668.33
14189 238.143
76959 6930.63
1480 2.5404
95516 10646.2
24278 674.818
63174 4732.22
8349 81.3078
16841 323.625
75824 6703.01
46799 2575.14
76576 6807.78
22716 594.486
20662 495.937
87 0.0099
63710 4734.87
8597 84.2455
4310 22.3875
89002 9265.03
6683 50.6432
73308 6273.55
56149 3667.39
55444 3550.92
8554 87.2198
25483 765.475
33865 1328.02
45824 2421
7762 69.264
40707 1944.41
12260 175.048
50636 2959.51
4575 23.7702
83601 8182.73
83757 8202.37
27672 880.899
5356 33.0372
35051 1424.86
71010 5867.9
7878 71.368
